[soe][Equalizer#0]
inputGain=-3.77
numBands=10

[soe][Equalizer#0#left]
band0Frequency=105
band0Gain=1.5
band0Mode=6
band0Q=0.6666666865348816
band0Type=5
band10Type=0
band11Type=0
band12Type=0
band13Type=0
band14Type=0
band15Type=0
band16Type=0
band17Type=0
band18Type=0
band19Type=0
band1Frequency=65.69999694824219
band1Gain=1.7000000476837158
band1Mode=6
band1Q=1.0299999713897705
band20Type=0
band21Type=0
band22Type=0
band23Type=0
band24Type=0
band25Type=0
band26Type=0
band27Type=0
band28Type=0
band29Type=0
band2Frequency=151.3000030517578
band2Gain=-0.800000011920929
band2Mode=6
band2Q=1.9199999570846558
band30Type=0
band31Type=0
band3Frequency=309.29998779296875
band3Gain=0.699999988079071
band3Mode=6
band3Q=1.7200000286102295
band4Frequency=602
band4Gain=-2.4000000953674316
band4Mode=6
band4Q=1.0499999523162842
band5Frequency=1930.9000244140625
band5Gain=2
band5Mode=6
band5Q=2.309999942779541
band6Frequency=5526.5
band6Gain=1.399999976158142
band6Mode=6
band6Q=5.199999809265137
band7Frequency=6422.89990234375
band7Gain=-2
band7Mode=6
band7Q=6
band8Frequency=8779.7001953125
band8Gain=3.5
band8Mode=6
band8Q=1.9600000381469727
band9Frequency=10000
band9Gain=0.699999988079071
band9Mode=6
band9Q=0.6666666865348816
band9Type=3

[soe][Equalizer#0#right]
band0Frequency=105
band0Gain=1.5
band0Mode=6
band0Q=0.6666666865348816
band0Type=5
band10Type=0
band11Type=0
band12Type=0
band13Type=0
band14Type=0
band15Type=0
band16Type=0
band17Type=0
band18Type=0
band19Type=0
band1Frequency=65.69999694824219
band1Gain=1.7000000476837158
band1Mode=6
band1Q=1.0299999713897705
band20Type=0
band21Type=0
band22Type=0
band23Type=0
band24Type=0
band25Type=0
band26Type=0
band27Type=0
band28Type=0
band29Type=0
band2Frequency=151.3000030517578
band2Gain=-0.800000011920929
band2Mode=6
band2Q=1.9199999570846558
band30Type=0
band31Type=0
band3Frequency=309.29998779296875
band3Gain=0.699999988079071
band3Mode=6
band3Q=1.7200000286102295
band4Frequency=602
band4Gain=-2.4000000953674316
band4Mode=6
band4Q=1.0499999523162842
band5Frequency=1930.9000244140625
band5Gain=2
band5Mode=6
band5Q=2.309999942779541
band6Frequency=5526.5
band6Gain=1.399999976158142
band6Mode=6
band6Q=5.199999809265137
band7Frequency=6422.89990234375
band7Gain=-2
band7Mode=6
band7Q=6
band8Frequency=8779.7001953125
band8Gain=3.5
band8Mode=6
band8Q=1.9600000381469727
band9Frequency=10000
band9Gain=0.699999988079071
band9Mode=6
band9Q=0.6666666865348816
band9Type=3
